0 0.280836 0.727723 0.0378924 0.143114
0 0.275641 0.730018 0.0481573 0.141615
0 0.274065 0.72262 0.0517538 0.132618
0 0.274995 0.718738 0.0495066 0.125537
0 0.279386 0.721567 0.0402435 0.13834
0 0.279018 0.720462 0.0409222 0.141392
0 0.272802 0.704953 0.0536675 0.110188
0 0.226207 0.719712 0.0554625 0.13041
0 0.21243 0.733293 0.0589846 0.133392
0 0.209504 0.745029 0.0508087 0.126062
0 0.209465 0.736028 0.0512978 0.10599
0 0.206768 0.733807 0.0369701 0.101828
0 0.208057 0.739896 0.0544109 0.114707
0 0.205897 0.735225 0.038549 0.106283
0 0.206679 0.748321 0.0356605 0.1294
0 0.35043 0.587357 0.0602222 0.116534
0 0.336568 0.590311 0.0519453 0.117093
0 0.33251 0.584966 0.0567958 0.107419
0 0.32842 0.583933 0.0574759 0.101033
0 0.316993 0.596987 0.0547439 0.0965583
0 0.311835 0.574174 0.044036 0.0822526
0 0.771247 0.676329 0.0697602 0.0932638
0 0.358613 0.824234 0.0307425 0.0822164
