0 0.122182 0.610326 0.0439029 0.0892516
0 0.625317 0.691122 0.437705 0.236128
0 0.781331 0.595246 0.118308 0.3953
0 0.78173 0.659824 0.118943 0.267297
0 0.790279 0.594463 0.0995785 0.385909
0 0.788826 0.667419 0.0993549 0.203683
0 0.807401 0.692775 0.0704311 0.17157
0 0.808637 0.695087 0.0689424 0.171213
0 0.809426 0.701192 0.0685842 0.164562
0 0.808789 0.696022 0.069351 0.173048
0 0.809739 0.702391 0.0690748 0.159818
0 0.774327 0.32908 0.0467226 0.0512803
0 0.809587 0.703661 0.0686893 0.160052
0 0.80831 0.697735 0.0700369 0.173547
0 0.257472 0.802053 0.0543229 0.104057
0 0.2462 0.801979 0.054046 0.12724
0 0.248131 0.799417 0.0528345 0.132787
0 0.248499 0.796422 0.0522972 0.131459
0 0.812414 0.699378 0.0615189 0.171421
0 0.248751 0.796948 0.0536002 0.130277
0 0.247559 0.76066 0.0674206 0.13127
0 0.21427 0.655889 0.0549569 0.121629
0 0.207337 0.617795 0.055717 0.118022
0 0.815061 0.711156 0.0653028 0.149732
0 0.203126 0.596862 0.0588963 0.100377
0 0.243888 0.59716 0.198857 0.314503
0 0.212 0.596867 0.176782 0.298231
0 0.191881 0.568294 0.195813 0.349632
0 0.203716 0.595973 0.0572161 0.101303
0 0.193211 0.562078 0.231497 0.340533
0 0.20025 0.588224 0.0973206 0.154946
0 0.815149 0.702567 0.0589718 0.151709
0 0.206444 0.590576 0.0565476 0.116177
0 0.81577 0.705912 0.0575167 0.154727
0 0.167139 0.587545 0.188596 0.288252
0 0.207422 0.601366 0.0707038 0.123689
0 0.218876 0.583567 0.294585 0.329585
0 0.208791 0.589184 0.0573713 0.11011
0 0.270102 0.581182 0.191075 0.330933
0 0.240349 0.557477 0.172779 0.377992
0 0.214462 0.568498 0.0609159 0.1258
0 0.228349 0.557505 0.0609413 0.105926
0 0.816998 0.702821 0.0555138 0.142973
0 0.816412 0.710561 0.0605179 0.150798
0 0.240892 0.533258 0.0623374 0.0993031
0 0.248208 0.540796 0.0666157 0.119163
0 0.776664 0.328789 0.0409968 0.0488015
0 0.574586 0.920395 0.484401 0.144636
0 0.249142 0.54194 0.0650484 0.11999
0 0.780087 0.328912 0.0334026 0.0478214
0 0.817003 0.715612 0.0594055 0.137944
0 0.248816 0.541421 0.0659523 0.119428
0 0.779911 0.32888 0.0336353 0.0490387
0 0.249636 0.538186 0.0631013 0.113506
0 0.780571 0.330449 0.0314997 0.0462994
0 0.780259 0.330841 0.0306044 0.0445162
0 0.250393 0.533139 0.0635626 0.101404
0 0.819439 0.720449 0.05513 0.135679
0 0.252499 0.534822 0.0595482 0.104
0 0.779864 0.329559 0.0301229 0.0448063
0 0.820827 0.719795 0.0520035 0.130319
0 0.781239 0.31855 0.0281583 0.0439631
0 0.781012 0.316851 0.0266754 0.0660908
0 0.781093 0.313403 0.0241833 0.0583804
0 0.0684484 0.617824 0.0424513 0.0864408
0 0.461586 0.414722 0.0377872 0.13238
0 0.823898 0.721553 0.043763 0.108013
0 0.780279 0.318522 0.0311102 0.0572828
0 0.0853451 0.620759 0.0482988 0.0820024
0 0.823577 0.724937 0.0451748 0.113472
0 0.781519 0.329516 0.0293295 0.0454689
0 0.823129 0.719541 0.0480469 0.110048
0 0.779405 0.325098 0.0337641 0.0523528
0 0.824256 0.718901 0.0434664 0.105956
0 0.247724 0.561911 0.0844929 0.120174
0 0.29631 0.533723 0.052879 0.0907182
0 0.780936 0.323703 0.027747 0.0470974
0 0.780242 0.316954 0.0273945 0.0679202
0 0.78057 0.311289 0.0237337 0.0537495
0 0.782858 0.311018 0.0212418 0.0553899
0 0.823792 0.680859 0.0400816 0.139409
0 0.784221 0.311153 0.0215193 0.054719
0 0.756112 0.654028 0.0288068 0.123006
0 0.661945 0.305328 0.130275 0.0808071
0 0.756162 0.574643 0.117893 0.33956
0 0.662382 0.311248 0.126563 0.0872997
0 0.184393 0.844205 0.18932 0.233303
0 0.186025 0.903552 0.191901 0.126186
