0 0.184567 0.879153 0.0319419 0.120348
0 0.184937 0.878184 0.0337662 0.122554
0 0.190111 0.884166 0.0455488 0.135124
0 0.191664 0.880527 0.0483671 0.125957
0 0.184883 0.876285 0.0337676 0.113627
0 0.200025 0.866981 0.0481967 0.0758319
0 0.203634 0.886738 0.0733978 0.127245
0 0.203666 0.884002 0.0734497 0.129441
0 0.203047 0.88664 0.0722183 0.127996
0 0.202407 0.885782 0.0703352 0.126181
0 0.202926 0.886661 0.0715847 0.126041
0 0.202706 0.888073 0.0703601 0.118395
0 0.810886 0.7541 0.050658 0.14025
0 0.130382 0.7736 0.0394294 0.109159
0 0.132119 0.780393 0.0508411 0.129164
0 0.790479 0.628709 0.100373 0.399411
0 0.794366 0.639597 0.0946449 0.369294
0 0.0180927 0.852327 0.0361853 0.206293
0 0.235026 0.76231 0.0531685 0.160178
0 0.79751 0.64737 0.0989891 0.382906
0 0.796467 0.649733 0.0977867 0.384594
0 0.796562 0.653915 0.096565 0.375786
0 0.796442 0.6522 0.0978878 0.382424
0 0.211468 0.830786 0.0503192 0.11376
0 0.197105 0.80817 0.061238 0.113263
0 0.795808 0.653677 0.0957399 0.381407
0 0.0492429 0.933542 0.0984858 0.114183
0 0.201592 0.746513 0.0310706 0.188671
0 0.182933 0.675821 0.0530565 0.0863804
0 0.178695 0.676678 0.0493933 0.0869192
0 0.18835 0.862162 0.0406131 0.0777402
0 0.184396 0.884029 0.0319129 0.129611
0 0.190264 0.885054 0.0450889 0.140486
0 0.193984 0.884237 0.0642575 0.147753
0 0.205966 0.889975 0.0787627 0.137906
