0 0.199066 0.879727 0.0622476 0.0855858
0 0.197351 0.874412 0.0591108 0.0954959
0 0.194828 0.879963 0.0616479 0.110981
0 0.200984 0.871392 0.0611322 0.0824341
0 0.195 0.860593 0.0510332 0.0742394
0 0.203489 0.892459 0.0709962 0.119466
0 0.203418 0.890866 0.0707266 0.119113
0 0.203729 0.891176 0.0716068 0.120348
0 0.204003 0.890849 0.0712337 0.118803
0 0.205649 0.89642 0.0741512 0.113868
0 0.196905 0.889923 0.0641039 0.119745
0 0.194165 0.885695 0.0507353 0.127126
0 0.194277 0.887946 0.0514257 0.117188
0 0.0854264 0.858428 0.170853 0.243616
0 0.0647859 0.87459 0.124429 0.24794
0 0.0658313 0.777335 0.130585 0.316052
0 0.771843 0.58514 0.13594 0.322552
0 0.782914 0.597804 0.114637 0.300964
0 0.782909 0.598886 0.114796 0.296268
0 0.782652 0.591234 0.114925 0.308311
0 0.7826 0.586757 0.115378 0.314505
0 0.78208 0.571625 0.116678 0.342974
0 0.781771 0.566186 0.117155 0.34701
0 0.781812 0.569857 0.117058 0.34753
0 0.781789 0.571932 0.116979 0.340282
0 0.781179 0.546165 0.117273 0.391858
0 0.781925 0.580248 0.116808 0.325291
0 0.782273 0.591142 0.115499 0.312547
0 0.791477 0.551492 0.0971539 0.383023
0 0.791153 0.55187 0.0977526 0.381612
0 0.790249 0.548545 0.0964727 0.389783
0 0.792705 0.544403 0.0906601 0.383567
